0 1
0.0519411 0.998651
0.10211 0.994788
0.151202 0.988584
0.199632 0.980126
0.247654 0.969469
0.295422 0.956649
0.343032 0.941698
0.390544 0.924648
0.437994 0.905537
0.485406 0.884403
0.532794 0.861292
0.580167 0.836254
0.627531 0.809344
0.674888 0.780621
0.722242 0.750148
0.769594 0.717994
0.816945 0.68423
0.864294 0.648932
0.911643 0.612179
0.958992 0.574052
1.00634 0.534638
1.05369 0.494025
1.10104 0.452304
1.14838 0.409568
1.19573 0.365914
1.24308 0.321438
1.29043 0.276242
1.33778 0.230426
1.38512 0.184093
1.43247 0.137347
1.47982 0.090293
1.52717 0.0430364
1.57452 -0.00431681
1.62186 -0.0516604
1.66921 -0.0988881
1.71656 -0.145894
1.76391 -0.192573
1.81125 -0.23882
1.8586 -0.284531
1.90595 -0.329604
1.9533 -0.373938
2.00065 -0.417433
2.04799 -0.459992
2.09534 -0.501519
2.14269 -0.541921
2.19004 -0.581107
2.23738 -0.618991
2.28473 -0.655485
2.33208 -0.69051
2.37943 -0.723986
2.42677 -0.755838
2.47412 -0.785994
2.52147 -0.814387
2.56882 -0.840954
2.61617 -0.865635
2.66351 -0.888374
2.71086 -0.90912
2.75821 -0.927827
2.80556 -0.944453
2.8529 -0.95896
2.90025 -0.971317
2.9476 -0.981494
2.99495 -0.989471
3.04229 -0.995228
3.08964 -0.998752
3.13699 -1.00004
3.18434 -0.999077
3.23168 -0.995878
3.27903 -0.990444
3.32638 -0.982789
3.37373 -0.972929
3.42107 -0.960887
3.46842 -0.94669
3.51577 -0.930369
3.56312 -0.911961
3.61046 -0.891508
3.65781 -0.869055
3.70516 -0.844653
3.75251 -0.818356
3.79985 -0.790223
3.8472 -0.760318
3.89455 -0.728708
3.9419 -0.695462
3.98924 -0.660657
4.03659 -0.62437
4.08394 -0.586683
4.13128 -0.54768
4.17863 -0.507448
4.22598 -0.466077
4.27333 -0.423662
4.32067 -0.380296
4.36802 -0.336077
4.41537 -0.291104
4.46272 -0.245478
4.51006 -0.199301
4.55741 -0.152678
4.60476 -0.105711
4.6521 -0.058508
4.69945 -0.0111734
4.7468 0.0361863
4.79415 0.0834649
4.84149 0.130556
4.88884 0.177355
4.93619 0.223756
4.98353 0.269655
5.03088 0.314949
5.07823 0.359537
5.12558 0.403319
5.17292 0.446196
5.22027 0.488072
5.26762 0.528853
5.31496 0.568448
5.36231 0.606769
5.40966 0.643728
5.45701 0.679243
5.50435 0.713235
5.5517 0.745628
5.59905 0.776347
5.64639 0.805326
5.69374 0.832498
5.74109 0.857803
5.78843 0.881184
5.83578 0.902588
5.88313 0.921968
5.93048 0.93928
5.97782 0.954486
6.02517 0.96755
6.07252 0.978444
6.11986 0.987144
6.16721 0.993629
6.21456 0.997886
6.2619 0.999904
6.30925 0.99968
6.3566 0.997214
6.40394 0.99251
6.45129 0.985581
6.49864 0.976441
6.54598 0.965111
6.59333 0.951616
6.64068 0.935986
6.68802 0.918257
6.73537 0.898469
6.78272 0.876665
6.83007 0.852895
6.87741 0.827212
6.92476 0.799673
6.97211 0.770341
7.01945 0.739281
7.0668 0.706562
7.11415 0.672259
7.16149 0.636448
7.20884 0.59921
7.25619 0.560627
7.30353 0.520787
7.35088 0.479778
7.39823 0.437694
7.44557 0.394628
7.49292 0.350676
7.54027 0.305938
7.58761 0.260514
7.63496 0.214505
7.6823 0.168015
7.72965 0.121149
7.777 0.07401
7.82434 0.0267055
7.87169 -0.020659
7.91904 -0.0679773
7.96638 -0.115143
8.01373 -0.162051
8.06108 -0.208595
8.10842 -0.254671
8.15577 -0.300176
8.20312 -0.345008
8.25046 -0.389067
8.29781 -0.432252
8.34516 -0.474468
8.3925 -0.51562
8.43985 -0.555616
8.4872 -0.594365
8.53454 -0.631781
8.58189 -0.66778
8.62923 -0.702282
8.67658 -0.735208
8.72393 -0.766486
8.77127 -0.796044
8.81862 -0.823817
8.86597 -0.849742
8.91331 -0.873761
8.96066 -0.89582
9.008 -0.91587
9.05535 -0.933866
9.1027 -0.949768
9.15004 -0.963539
9.19739 -0.975149
9.24474 -0.984571
9.29208 -0.991786
9.33943 -0.996776
9.38677 -0.99953
9.43412 -1.00004
9.48147 -0.998312
9.52881 -0.994343
9.57616 -0.988143
9.62351 -0.979726
9.67085 -0.969113
9.7182 -0.956325
9.76554 -0.941393
9.81289 -0.924349
9.86024 -0.905232
9.90758 -0.884085
9.95493 -0.860955
10 -0.837141
