-1 0.351763 0.304953 -11.7661 -0.379132
-0.995 0.35314 0.245591 -11.977 -0.377369
-0.99 0.354217 0.185199 -12.1783 -0.375601
-0.985 0.35499 0.123825 -12.3696 -0.373827
-0.98 0.355454 0.0615192 -12.551 -0.372051
-0.975 0.355604 -0.00166761 -12.722 -0.370273
-0.97 0.355436 -0.0656838 -12.8827 -0.368496
-0.965 0.354946 -0.130477 -13.0328 -0.36672
-0.96 0.35413 -0.195993 -13.1721 -0.364947
-0.955 0.352985 -0.262179 -13.3004 -0.363179
-0.95 0.351507 -0.32898 -13.4178 -0.361417
-0.945 0.349694 -0.396339 -13.524 -0.359664
-0.94 0.347543 -0.464201 -13.6189 -0.357921
-0.935 0.345051 -0.532508 -13.7024 -0.356189
-0.93 0.342217 -0.601205 -13.7743 -0.354471
-0.925 0.339039 -0.670232 -13.8347 -0.352768
-0.92 0.335514 -0.739532 -13.8833 -0.351081
-0.915 0.331643 -0.809046 -13.9202 -0.349413
-0.91 0.327424 -0.878715 -13.9453 -0.347766
-0.905 0.322856 -0.948479 -13.9585 -0.34614
-0.9 0.317939 -1.01828 -13.9597 -0.344538
-0.895 0.312673 -1.08806 -13.9489 -0.342961
-0.89 0.307058 -1.15775 -13.9262 -0.341411
-0.885 0.301096 -1.2273 -13.8913 -0.339891
-0.88 0.294786 -1.29664 -13.8445 -0.338401
-0.875 0.28813 -1.36572 -13.7855 -0.336944
-0.87 0.281129 -1.43448 -13.7145 -0.33552
-0.865 0.273786 -1.50285 -13.6314 -0.334133
-0.86 0.266101 -1.57077 -13.5363 -0.332783
-0.855 0.258079 -1.63819 -13.4292 -0.331472
-0.85 0.24972 -1.70504 -13.3101 -0.330203
-0.845 0.241029 -1.77127 -13.179 -0.328976
-0.84 0.232009 -1.83681 -13.036 -0.327793
-0.835 0.222662 -1.90161 -12.8812 -0.326656
-0.83 0.212994 -1.96561 -12.7145 -0.325567
-0.825 0.203008 -2.02874 -12.5362 -0.324527
-0.82 0.192708 -2.09095 -12.3462 -0.323537
-0.815 0.1821 -2.15218 -12.1446 -0.3226
-0.81 0.171188 -2.21237 -11.9315 -0.321717
-0.805 0.159978 -2.27148 -11.707 -0.320889
-0.8 0.148475 -2.32943 -11.4713 -0.320118
-0.795 0.136686 -2.38617 -11.2243 -0.319405
-0.79 0.124616 -2.44165 -10.9663 -0.318751
-0.785 0.112271 -2.49581 -10.6973 -0.318159
-0.78 0.0996598 -2.54861 -10.4174 -0.317629
-0.775 0.0867878 -2.59997 -10.1269 -0.317163
-0.77 0.0736626 -2.64986 -9.82578 -0.316761
-0.765 0.0602918 -2.69821 -9.51424 -0.316426
-0.76 0.0466831 -2.74498 -9.19241 -0.316159
-0.755 0.0328447 -2.79012 -8.86046 -0.31596
-0.75 0.0187847 -2.83357 -8.51853 -0.315831
-0.745 0.00451184 -2.87529 -8.16681 -0.315773
-0.74 -0.00996519 -2.91522 -7.80546 -0.315786
-0.735 -0.0246373 -2.95333 -7.43467 -0.315873
-0.73 -0.0394953 -2.98955 -7.05461 -0.316033
-0.725 -0.0545297 -3.02386 -6.66548 -0.316268
-0.72 -0.0697306 -3.05619 -6.26747 -0.316578
-0.715 -0.0850883 -3.08652 -5.8608 -0.316965
-0.71 -0.100592 -3.11479 -5.44567 -0.317429
-0.705 -0.116233 -3.14096 -5.0223 -0.317972
-0.7 -0.131998 -3.165 -4.59091 -0.318592
-0.695 -0.147879 -3.18686 -4.15175 -0.319292
-0.69 -0.163863 -3.2065 -3.70504 -0.320071
-0.685 -0.17994 -3.2239 -3.25103 -0.32093
-0.68 -0.196098 -3.239 -2.78998 -0.321871
-0.675 -0.212326 -3.25178 -2.32214 -0.322892
-0.67 -0.228612 -3.26221 -1.84779 -0.323994
-0.665 -0.244945 -3.27025 -1.3672 -0.325178
-0.66 -0.261311 -3.27587 -0.880651 -0.326443
-0.655 -0.277699 -3.27905 -0.388442 -0.327791
-0.65 -0.294097 -3.27975 0.10913 -0.32922
-0.645 -0.310492 -3.27795 0.611759 -0.330732
-0.64 -0.326872 -3.27362 1.11913 -0.332325
-0.635 -0.343224 -3.26675 1.63091 -0.334001
-0.63 -0.359536 -3.25731 2.14677 -0.335757
-0.625 -0.375793 -3.24528 2.66638 -0.337596
-0.62 -0.391984 -3.23064 3.18938 -0.339515
-0.615 -0.408095 -3.21338 3.7154 -0.341516
-0.61 -0.424113 -3.19348 4.2441 -0.343596
-0.605 -0.440026 -3.17093 4.77508 -0.345756
-0.6 -0.455818 -3.14573 5.30797 -0.347996
-0.595 -0.471478 -3.11785 5.84237 -0.350314
-0.59 -0.486992 -3.0873 6.37788 -0.352711
-0.585 -0.502347 -3.05407 6.91409 -0.355184
-0.58 -0.517529 -3.01816 7.45059 -0.357734
-0.575 -0.532524 -2.97956 7.98694 -0.360359
-0.57 -0.54732 -2.93829 8.52271 -0.363059
-0.565 -0.561903 -2.89434 9.05747 -0.365832
-0.56 -0.576259 -2.84772 9.59075 -0.368677
-0.555 -0.590375 -2.79843 10.1221 -0.371594
-0.55 -0.604239 -2.7465 10.6511 -0.374581
-0.545 -0.617836 -2.69193 11.1771 -0.377636
-0.54 -0.631154 -2.63473 11.6999 -0.380759
-0.535 -0.644179 -2.57494 12.2188 -0.383947
-0.53 -0.656899 -2.51255 12.7334 -0.3872
-0.525 -0.6693 -2.44761 13.2432 -0.390516
-0.52 -0.681371 -2.38013 13.7476 -0.393892
-0.515 -0.693097 -2.31014 14.2462 -0.397329
-0.51 -0.704468 -2.23768 14.7385 -0.400823
-0.505 -0.71547 -2.16277 15.2239 -0.404373
-0.5 -0.726092 -2.08545 15.7019 -0.407977
-0.495 -0.736321 -2.00576 16.1721 -0.411633
-0.49 -0.746145 -1.92375 16.6338 -0.415339
-0.485 -0.755554 -1.83944 17.0865 -0.419094
-0.48 -0.764536 -1.7529 17.5298 -0.422894
-0.475 -0.77308 -1.66416 17.9631 -0.426738
-0.47 -0.781174 -1.57328 18.3858 -0.430624
-0.465 -0.788809 -1.48032 18.7975 -0.434549
-0.46 -0.795974 -1.38533 19.1976 -0.438512
-0.455 -0.802659 -1.28836 19.5856 -0.442508
-0.45 -0.808854 -1.18949 19.9609 -0.446537
-0.445 -0.814551 -1.08878 20.3232 -0.450596
-0.44 -0.819739 -0.986284 20.6717 -0.454682
-0.435 -0.824411 -0.882083 21.0062 -0.458793
-0.43 -0.828557 -0.776247 21.3259 -0.462925
-0.425 -0.832171 -0.668849 21.6306 -0.467077
-0.42 -0.835243 -0.559967 21.9196 -0.471246
-0.415 -0.837768 -0.44968 22.1925 -0.475429
-0.41 -0.839738 -0.33807 22.4489 -0.479623
-0.405 -0.841147 -0.22522 22.6882 -0.483825
-0.4 -0.841988 -0.111216 22.9101 -0.488033
-0.395 -0.842257 0.00385189 23.1142 -0.492244
-0.39 -0.841948 0.119895 23.2999 -0.496455
-0.385 -0.841057 0.23682 23.467 -0.500663
-0.38 -0.839578 0.354533 23.615 -0.504864
-0.375 -0.83751 0.472937 23.7435 -0.509057
-0.37 -0.834848 0.591935 23.8523 -0.513239
-0.365 -0.83159 0.711427 23.9409 -0.517405
-0.36 -0.827733 0.831311 24.0092 -0.521553
-0.355 -0.823276 0.951484 24.0567 -0.525681
-0.35 -0.818218 1.07184 24.0831 -0.529785
-0.345 -0.812558 1.19228 24.0884 -0.533862
-0.34 -0.806295 1.31269 24.0721 -0.53791
-0.335 -0.799431 1.43297 24.0342 -0.541924
-0.33 -0.791966 1.553 23.9744 -0.545903
-0.325 -0.783902 1.67267 23.8925 -0.549843
-0.32 -0.77524 1.79188 23.7885 -0.553741
-0.315 -0.765984 1.91052 23.6622 -0.557594
-0.31 -0.756136 2.02847 23.5135 -0.5614
-0.305 -0.7457 2.14562 23.3424 -0.565155
-0.3 -0.734681 2.26186 23.1489 -0.568856
-0.295 -0.723084 2.37707 22.9329 -0.572501
-0.29 -0.710913 2.49115 22.6944 -0.576086
-0.285 -0.698174 2.60398 22.4336 -0.579609
-0.28 -0.684875 2.71545 22.1504 -0.583067
-0.275 -0.671022 2.82544 21.8451 -0.586457
-0.27 -0.656623 2.93386 21.5177 -0.589776
-0.265 -0.641686 3.04058 21.1684 -0.593022
-0.26 -0.62622 3.14551 20.7974 -0.596192
-0.255 -0.610235 3.24852 20.4049 -0.599283
-0.25 -0.593739 3.34952 19.9912 -0.602294
-0.245 -0.576743 3.4484 19.5566 -0.60522
-0.24 -0.559258 3.54505 19.1013 -0.60806
-0.235 -0.541296 3.63938 18.6257 -0.610812
-0.23 -0.522869 3.73128 18.1303 -0.613472
-0.225 -0.503988 3.82065 17.6152 -0.61604
-0.22 -0.484666 3.9074 17.0811 -0.618511
-0.215 -0.464918 3.99143 16.5284 -0.620886
-0.21 -0.444757 4.07265 15.9574 -0.62316
-0.205 -0.424197 4.15097 15.3688 -0.625333
-0.2 -0.403252 4.22631 14.7631 -0.627401
-0.195 -0.381939 4.29858 14.1408 -0.629364
-0.19 -0.360272 4.36769 13.5024 -0.63122
-0.185 -0.338267 4.43358 12.8487 -0.632967
-0.18 -0.315941 4.49615 12.1803 -0.634602
-0.175 -0.293311 4.55536 11.4977 -0.636125
-0.17 -0.270393 4.61111 10.8017 -0.637535
-0.165 -0.247206 4.66335 10.0929 -0.638829
-0.16 -0.223766 4.71202 9.37216 -0.640006
-0.155 -0.200092 4.75705 8.64008 -0.641066
-0.15 -0.176202 4.7984 7.89745 -0.642007
-0.145 -0.152114 4.83601 7.14504 -0.642828
-0.14 -0.127848 4.86984 6.38364 -0.643528
-0.135 -0.103422 4.89983 5.61403 -0.644106
-0.13 -0.0788558 4.92597 4.83703 -0.644562
-0.125 -0.0541688 4.94819 4.05346 -0.644894
-0.12 -0.0293804 4.96649 3.26416 -0.645103
-0.115 -0.00451046 4.98083 2.46996 -0.645188
-0.11 0.0204212 4.99118 1.67171 -0.645148
-0.105 0.0453947 4.99754 0.870287 -0.644984
-0.1 0.0703899 4.99988 0.0665371 -0.644694
-0.095 0.0953868 4.9982 -0.738667 -0.64428
-0.09 0.120365 4.99249 -1.54445 -0.643741
-0.085 0.145305 4.98276 -2.34995 -0.643076
-0.08 0.170186 4.969 -3.15429 -0.642288
-0.075 0.194988 4.95122 -3.95658 -0.641375
-0.07 0.219692 4.92944 -4.75598 -0.640338
-0.065 0.244276 4.90367 -5.5516 -0.639178
-0.06 0.268722 4.87393 -6.34259 -0.637895
-0.055 0.293009 4.84025 -7.12809 -0.636491
-0.05 0.317118 4.80266 -7.90726 -0.634966
-0.045 0.341029 4.76119 -8.67925 -0.63332
-0.04 0.364723 4.71588 -9.44324 -0.631556
-0.035 0.388181 4.66677 -10.1984 -0.629673
-0.03 0.411385 4.61391 -10.9439 -0.627674
-0.025 0.434314 4.55735 -11.6791 -0.62556
-0.02 0.456952 4.49714 -12.403 -0.623332
-0.015 0.47928 4.43334 -13.115 -0.620991
-0.01 0.501279 4.36601 -13.8143 -0.618539
-0.005 0.522934 4.29522 -14.5001 -0.615979
8.20524e-16 0.544226 4.22103 -15.1719 -0.613311
0.005 0.565139 4.14352 -15.8288 -0.610537
0.01 0.585656 4.06277 -16.4702 -0.60766
0.015 0.605761 3.97885 -17.0955 -0.604681
0.02 0.625439 3.89184 -17.7041 -0.601603
0.025 0.644675 3.80184 -18.2954 -0.598428
0.03 0.663453 3.70892 -18.8687 -0.595157
0.035 0.681759 3.61318 -19.4236 -0.591794
0.04 0.69958 3.51471 -19.9596 -0.58834
0.045 0.716902 3.41362 -20.476 -0.584799
0.05 0.733712 3.30999 -20.9725 -0.581172
0.055 0.749998 3.20392 -21.4487 -0.577463
0.06 0.765747 3.09553 -21.9041 -0.573673
0.065 0.780949 2.98492 -22.3383 -0.569806
0.07 0.795593 2.87219 -22.7509 -0.565864
0.075 0.809668 2.75745 -23.1418 -0.561851
0.08 0.823164 2.64081 -23.5104 -0.557769
0.085 0.836073 2.52238 -23.8567 -0.55362
0.09 0.848385 2.40228 -24.1803 -0.549409
0.095 0.860093 2.28061 -24.481 -0.545138
0.1 0.871189 2.15751 -24.7587 -0.540809
0.105 0.881666 2.03307 -25.0132 -0.536427
0.11 0.891518 1.90741 -25.2443 -0.531993
0.115 0.900738 1.78066 -25.452 -0.527513
0.12 0.909323 1.65293 -25.6363 -0.522987
0.125 0.917266 1.52434 -25.797 -0.51842
0.13 0.924565 1.395 -25.9342 -0.513816
0.135 0.931215 1.26504 -26.0478 -0.509176
0.14 0.937214 1.13456 -26.138 -0.504504
0.145 0.94256 1.00369 -26.2048 -0.499805
0.15 0.947251 0.872552 -26.2483 -0.49508
0.155 0.951285 0.74125 -26.2687 -0.490333
0.16 0.954663 0.609904 -26.266 -0.485568
0.165 0.957384 0.478628 -26.2404 -0.480788
0.17 0.95945 0.347538 -26.1922 -0.475995
0.175 0.96086 0.216744 -26.1215 -0.471194
0.18 0.961618 0.086359 -26.0287 -0.466388
0.185 0.961725 -0.0435066 -25.9139 -0.461579
0.19 0.961184 -0.172744 -25.7775 -0.456772
0.195 0.959999 -0.301246 -25.6198 -0.451969
0.2 0.958173 -0.428907 -25.441 -0.447173
0.205 0.955711 -0.555622 -25.2416 -0.442388
0.21 0.952618 -0.681289 -25.0219 -0.437617
0.215 0.9489 -0.805807 -24.7822 -0.432863
0.22 0.944562 -0.929078 -24.523 -0.428129
0.225 0.939612 -1.05101 -24.2447 -0.423418
0.23 0.934055 -1.17149 -23.9477 -0.418734
0.235 0.927899 -1.29045 -23.6324 -0.414079
0.24 0.921153 -1.40779 -23.2994 -0.409456
0.245 0.913824 -1.52342 -22.949 -0.404868
0.25 0.905922 -1.63725 -22.5817 -0.400318
0.255 0.897455 -1.74921 -22.1981 -0.39581
0.26 0.888433 -1.85921 -21.7985 -0.391345
0.265 0.878866 -1.96717 -21.3836 -0.386926
0.27 0.868765 -2.07302 -20.9538 -0.382557
0.275 0.85814 -2.17668 -20.5097 -0.37824
0.28 0.847002 -2.27809 -20.0517 -0.373977
0.285 0.835362 -2.37718 -19.5804 -0.36977
0.29 0.823234 -2.47387 -19.0963 -0.365624
0.295 0.810628 -2.56812 -18.6 -0.361539
0.3 0.797557 -2.65985 -18.092 -0.357518
0.305 0.784034 -2.74902 -17.5729 -0.353564
0.31 0.770071 -2.83556 -17.0432 -0.349679
0.315 0.755682 -2.91943 -16.5034 -0.345864
0.32 0.740881 -3.00058 -15.9541 -0.342122
0.325 0.725681 -3.07896 -15.3958 -0.338456
0.33 0.710096 -3.15453 -14.8291 -0.334866
0.335 0.694141 -3.22724 -14.2546 -0.331356
0.34 0.677829 -3.29706 -13.6728 -0.327925
0.345 0.661175 -3.36396 -13.0841 -0.324578
0.35 0.644194 -3.42789 -12.4893 -0.321314
0.355 0.626901 -3.48884 -11.8888 -0.318136
0.36 0.609311 -3.54677 -11.2831 -0.315046
0.365 0.591438 -3.60166 -10.6727 -0.312044
0.37 0.573299 -3.65349 -10.0583 -0.309132
0.375 0.554909 -3.70224 -9.44034 -0.306311
0.38 0.536282 -3.74789 -8.81931 -0.303583
0.385 0.517435 -3.79043 -8.19575 -0.300949
0.39 0.498383 -3.82984 -7.57017 -0.298409
0.395 0.479142 -3.86613 -6.94307 -0.295965
0.4 0.459727 -3.89927 -6.31497 -0.293618
0.405 0.440154 -3.92928 -5.68636 -0.291368
0.41 0.420439 -3.95614 -5.05772 -0.289217
0.415 0.400598 -3.97985 -4.42955 -0.287164
0.42 0.380646 -4.00043 -3.80233 -0.285211
0.425 0.360599 -4.01788 -3.17653 -0.283358
0.43 0.340473 -4.0322 -2.55261 -0.281605
0.435 0.320282 -4.04341 -1.93105 -0.279953
0.44 0.300044 -4.05152 -1.3123 -0.278402
0.445 0.279772 -4.05654 -0.69681 -0.276953
0.45 0.259483 -4.05849 -0.0850295 -0.275605
0.455 0.239192 -4.05739 0.522602 -0.274358
0.46 0.218914 -4.05327 1.12565 -0.273213
0.465 0.198665 -4.04615 1.72369 -0.272169
0.47 0.178458 -4.03604 2.31629 -0.271226
0.475 0.158309 -4.02299 2.90305 -0.270384
0.48 0.138233 -4.00702 3.48354 -0.269643
0.485 0.118244 -3.98817 4.05737 -0.269002
0.49 0.0983559 -3.96646 4.62413 -0.26846
0.495 0.0785838 -3.94194 5.18344 -0.268018
0.5 0.0589412 -3.91464 5.7349 -0.267674
0.505 0.0394419 -3.88461 6.27814 -0.267428
0.51 0.0200996 -3.85187 6.81277 -0.267279
0.515 0.000927583 -3.81649 7.33844 -0.267227
0.52 -0.018061 -3.77851 7.85478 -0.26727
0.525 -0.0368532 -3.73796 8.36143 -0.267407
0.53 -0.0554364 -3.69491 8.85805 -0.267638
0.535 -0.0737982 -3.6494 9.34428 -0.267961
0.54 -0.0919264 -3.60148 9.8198 -0.268376
0.545 -0.109809 -3.55122 10.2843 -0.26888
0.55 -0.127435 -3.49866 10.7374 -0.269473
0.555 -0.144792 -3.44386 11.1788 -0.270154
0.56 -0.16187 -3.38689 11.6082 -0.270921
0.565 -0.178657 -3.3278 12.0253 -0.271772
0.57 -0.195144 -3.26666 12.4298 -0.272707
0.575 -0.211321 -3.20353 12.8215 -0.273723
0.58 -0.227176 -3.13847 13.2 -0.274819
0.585 -0.242702 -3.07155 13.565 -0.275994
0.59 -0.257889 -3.00284 13.9164 -0.277246
0.595 -0.272728 -2.93241 14.2538 -0.278573
0.6 -0.28721 -2.86032 14.5771 -0.279973
0.605 -0.301328 -2.78666 14.8859 -0.281444
0.61 -0.315074 -2.71149 15.1801 -0.282985
0.615 -0.328441 -2.63488 15.4595 -0.284594
0.62 -0.341421 -2.55692 15.7238 -0.286269
0.625 -0.354008 -2.47767 15.9728 -0.288008
0.63 -0.366196 -2.39722 16.2064 -0.289808
0.635 -0.377978 -2.31563 16.4244 -0.291669
0.64 -0.38935 -2.233 16.6267 -0.293587
0.645 -0.400307 -2.14939 16.813 -0.295562
0.65 -0.410843 -2.0649 16.9833 -0.29759
0.655 -0.420954 -1.97959 17.1375 -0.29967
0.66 -0.430637 -1.89355 17.2755 -0.301799
0.665 -0.439889 -1.80686 17.397 -0.303975
0.67 -0.448705 -1.7196 17.5022 -0.306197
0.675 -0.457084 -1.63187 17.5909 -0.308462
0.68 -0.465023 -1.54372 17.663 -0.310767
0.685 -0.47252 -1.45526 17.7186 -0.313111
0.69 -0.479575 -1.36656 17.7576 -0.315491
0.695 -0.486186 -1.27771 17.7801 -0.317906
0.7 -0.492352 -1.18879 17.786 -0.320353
0.705 -0.498074 -1.09988 17.7753 -0.322829
0.71 -0.503351 -1.01107 17.7482 -0.325333
0.715 -0.508185 -0.922427 17.7047 -0.327862
0.72 -0.512576 -0.834046 17.6449 -0.330414
0.725 -0.516526 -0.746004 17.5689 -0.332987
0.73 -0.520037 -0.658383 17.4768 -0.335578
0.735 -0.52311 -0.571263 17.3687 -0.338186
0.74 -0.52575 -0.484722 17.2449 -0.340809
0.745 -0.527959 -0.39884 17.1054 -0.343443
0.75 -0.52974 -0.313693 16.9506 -0.346087
0.755 -0.531097 -0.22936 16.7805 -0.34874
0.76 -0.532035 -0.145914 16.5954 -0.351398
0.765 -0.532558 -0.0634299 16.3956 -0.354059
0.77 -0.532671 0.0180187 16.1814 -0.356723
0.775 -0.532379 0.0983605 15.953 -0.359385
0.78 -0.531689 0.177525 15.7107 -0.362046
0.785 -0.530606 0.255445 15.4549 -0.364702
0.79 -0.529137 0.332052 15.1859 -0.367351
0.795 -0.527288 0.407282 14.904 -0.369992
0.8 -0.525067 0.481072 14.6096 -0.372623
0.805 -0.52248 0.553359 14.3032 -0.375242
0.81 -0.519536 0.624084 13.9851 -0.377848
0.815 -0.516242 0.69319 13.6557 -0.380437
0.82 -0.512606 0.760623 13.3155 -0.383009
0.825 -0.508638 0.826328 12.9649 -0.385563
0.83 -0.504346 0.890255 12.6044 -0.388095
0.835 -0.499739 0.952356 12.2344 -0.390606
0.84 -0.494826 1.01258 11.8556 -0.393092
0.845 -0.489616 1.0709 11.4683 -0.395553
0.85 -0.48412 1.12725 11.073 -0.397988
0.855 -0.478347 1.18162 10.6704 -0.400394
0.86 -0.472307 1.23395 10.2609 -0.402771
0.865 -0.466011 1.28421 9.84511 -0.405117
0.87 -0.459469 1.33239 9.42354 -0.407431
0.875 -0.452691 1.37844 8.99676 -0.409711
0.88 -0.445688 1.42235 8.56534 -0.411957
0.885 -0.438471 1.46409 8.12986 -0.414168
0.89 -0.43105 1.50364 7.69088 -0.416341
0.895 -0.423438 1.54099 7.249 -0.418478
0.9 -0.415644 1.57613 6.80479 -0.420576
0.905 -0.40768 1.60904 6.35884 -0.422634
0.91 -0.399558 1.63971 5.91174 -0.424652
0.915 -0.391287 1.66815 5.46406 -0.426629
0.92 -0.38288 1.69435 5.0164 -0.428565
0.925 -0.374347 1.71832 4.56933 -0.430458
0.93 -0.3657 1.74005 4.12345 -0.432308
0.935 -0.35695 1.75956 3.67931 -0.434115
0.94 -0.348109 1.77685 3.23749 -0.435877
0.945 -0.339186 1.79193 2.79855 -0.437596
0.95 -0.330193 1.80484 2.36305 -0.439269
0.955 -0.321141 1.81557 1.93154 -0.440897
0.96 -0.312041 1.82416 1.50455 -0.44248
0.965 -0.302903 1.83063 1.08261 -0.444018
0.97 -0.293738 1.835 0.666235 -0.445509
0.975 -0.284556 1.8373 0.255936 -0.446955
0.98 -0.275368 1.83757 -0.147797 -0.448355
0.985 -0.266184 1.83583 -0.544488 -0.449709
0.99 -0.257013 1.83213 -0.933672 -0.451017
0.995 -0.247866 1.82651 -1.3149 -0.452279
