100 0.0146175
100.1 0.0147306
100.2 0.0148449
100.3 0.0149606
100.4 0.0150776
100.5 0.0151961
100.6 0.0153159
100.7 0.0154371
100.8 0.0155598
100.9 0.015684
101 0.0158096
101.1 0.0159368
101.2 0.0160655
101.3 0.0161957
101.4 0.0163276
101.5 0.016461
101.6 0.0165962
101.7 0.0167329
101.8 0.0168714
101.9 0.0170116
102 0.0171536
102.1 0.0172973
102.2 0.0174429
102.3 0.0175902
102.4 0.0177395
102.5 0.0178907
102.6 0.0180438
102.7 0.0181989
102.8 0.018356
102.9 0.0185151
103 0.0186763
103.1 0.0188397
103.2 0.0190052
103.3 0.0191728
103.4 0.0193427
103.5 0.0195149
103.6 0.0196893
103.7 0.0198662
103.8 0.0200454
103.9 0.020227
104 0.0204111
104.1 0.0205978
104.2 0.020787
104.3 0.0209788
104.4 0.0211733
104.5 0.0213705
104.6 0.0215705
104.7 0.0217733
104.8 0.0219789
104.9 0.0221875
105 0.0223991
105.1 0.0226137
105.2 0.0228314
105.3 0.0230523
105.4 0.0232764
105.5 0.0235037
105.6 0.0237344
105.7 0.0239685
105.8 0.0242061
105.9 0.0244473
106 0.024692
106.1 0.0249405
106.2 0.0251927
106.3 0.0254488
106.4 0.0257087
106.5 0.0259727
106.6 0.0262408
106.7 0.026513
106.8 0.0267895
106.9 0.0270703
107 0.0273556
107.1 0.0276453
107.2 0.0279397
107.3 0.0282389
107.4 0.0285428
107.5 0.0288517
107.6 0.0291657
107.7 0.0294847
107.8 0.029809
107.9 0.0301388
108 0.0304739
108.1 0.0308148
108.2 0.0311613
108.3 0.0315137
108.4 0.0318722
108.5 0.0322368
108.6 0.0326076
108.7 0.0329849
108.8 0.0333688
108.9 0.0337594
109 0.0341569
109.1 0.0345614
109.2 0.0349732
109.3 0.0353923
109.4 0.0358191
109.5 0.0362535
109.6 0.036696
109.7 0.0371465
109.8 0.0376054
109.9 0.0380729
110 0.0385491
110.1 0.0390342
110.2 0.0395286
110.3 0.0400324
110.4 0.0405459
110.5 0.0410694
110.6 0.041603
110.7 0.0421471
110.8 0.0427018
110.9 0.0432676
111 0.0438448
111.1 0.0444335
111.2 0.0450341
111.3 0.0456469
111.4 0.0462724
111.5 0.0469107
111.6 0.0475624
111.7 0.0482277
111.8 0.048907
111.9 0.0496007
112 0.0503093
112.1 0.0510332
112.2 0.0517727
112.3 0.0525284
112.4 0.0533008
112.5 0.0540902
112.6 0.0548974
112.7 0.0557226
112.8 0.0565666
112.9 0.0574299
113 0.058313
113.1 0.0592166
113.2 0.0601414
113.3 0.0610879
113.4 0.0620569
113.5 0.063049
113.6 0.0640651
113.7 0.0651059
113.8 0.0661723
113.9 0.0672649
114 0.0683848
114.1 0.0695328
114.2 0.0707099
114.3 0.071917
114.4 0.0731553
114.5 0.0744257
114.6 0.0757293
114.7 0.0770675
114.8 0.0784413
114.9 0.0798521
115 0.0813012
115.1 0.0827899
115.2 0.0843198
115.3 0.0858924
115.4 0.0875092
115.5 0.0891719
115.6 0.0908824
115.7 0.0926423
115.8 0.0944537
115.9 0.0963186
116 0.098239
116.1 0.100217
116.2 0.102256
116.3 0.104356
116.4 0.106523
116.5 0.108756
116.6 0.111061
116.7 0.113439
116.8 0.115895
116.9 0.11843
117 0.12105
117.1 0.123756
117.2 0.126554
117.3 0.129448
117.4 0.132441
117.5 0.135539
117.6 0.138747
117.7 0.142069
117.8 0.145511
117.9 0.149079
118 0.152779
118.1 0.156618
118.2 0.160602
118.3 0.164739
118.4 0.169038
118.5 0.173505
118.6 0.178151
118.7 0.182985
118.8 0.188017
118.9 0.193257
119 0.198719
119.1 0.204413
119.2 0.210353
119.3 0.216554
119.4 0.223031
119.5 0.2298
119.6 0.23688
119.7 0.244289
119.8 0.252047
119.9 0.260177
120 0.268703
120.1 0.27765
120.2 0.287047
120.3 0.296923
120.4 0.307312
120.5 0.318249
120.6 0.329773
120.7 0.341925
120.8 0.354753
120.9 0.368306
121 0.382639
121.1 0.397811
121.2 0.41389
121.3 0.430946
121.4 0.44906
121.5 0.468319
121.6 0.48882
121.7 0.510669
121.8 0.533984
121.9 0.558898
122 0.585554
122.1 0.614116
122.2 0.644764
122.3 0.6777
122.4 0.713151
122.5 0.75137
122.6 0.792644
122.7 0.837294
122.8 0.885683
122.9 0.938222
123 0.995377
123.1 1.05768
123.2 1.12572
123.3 1.2002
123.4 1.2819
123.5 1.37172
123.6 1.47067
123.7 1.57993
123.8 1.70086
123.9 1.83499
124 1.98409
124.1 2.15014
124.2 2.33544
124.3 2.54253
124.4 2.77424
124.5 3.03367
124.6 3.3241
124.7 3.64886
124.8 4.0111
124.9 4.41339
125 4.85713
125.1 5.34165
125.2 5.8631
125.3 6.41299
125.4 6.97673
125.5 7.53244
125.6 8.05092
125.7 8.49726
125.8 8.83506
125.9 9.03252
126 9.06933
126.1 8.94155
126.2 8.66264
126.3 8.26009
126.4 7.7691
126.5 7.2259
126.6 6.66258
126.7 6.10433
126.8 5.56888
126.9 5.06725
127 4.60518
127.1 4.18457
127.2 3.80482
127.3 3.46379
127.4 3.15853
127.5 2.88576
127.6 2.64214
127.7 2.42449
127.8 2.22986
127.9 2.05556
128 1.8992
128.1 1.75866
128.2 1.63207
128.3 1.51781
128.4 1.41443
128.5 1.3207
128.6 1.23552
128.7 1.15794
128.8 1.08713
128.9 1.02236
129 0.962987
129.1 0.90846
129.2 0.858283
129.3 0.812022
129.4 0.769292
129.5 0.729754
129.6 0.693107
129.7 0.659085
129.8 0.627447
129.9 0.597983
130 0.570503
130.1 0.544835
130.2 0.520827
130.3 0.498343
130.4 0.477258
130.5 0.45746
130.6 0.438849
130.7 0.421334
130.8 0.404831
130.9 0.389265
131 0.374567
131.1 0.360675
131.2 0.347532
131.3 0.335086
131.4 0.323288
131.5 0.312096
131.6 0.301468
131.7 0.291369
131.8 0.281763
131.9 0.27262
132 0.26391
132.1 0.255608
132.2 0.247687
132.3 0.240126
132.4 0.232903
132.5 0.225998
132.6 0.219393
132.7 0.213072
132.8 0.207018
132.9 0.201216
133 0.195653
133.1 0.190316
133.2 0.185193
133.3 0.180273
133.4 0.175544
133.5 0.170999
133.6 0.166626
133.7 0.162419
133.8 0.158367
133.9 0.154465
134 0.150704
134.1 0.147078
134.2 0.143581
134.3 0.140206
134.4 0.136949
134.5 0.133803
134.6 0.130764
134.7 0.127826
134.8 0.124986
134.9 0.12224
135 0.119582
135.1 0.11701
135.2 0.114519
135.3 0.112107
135.4 0.10977
135.5 0.107505
135.6 0.105309
135.7 0.10318
135.8 0.101114
135.9 0.0991096
136 0.0971638
136.1 0.0952746
136.2 0.0934397
136.3 0.0916572
136.4 0.089925
136.5 0.0882413
136.6 0.0866043
136.7 0.0850123
136.8 0.0834637
136.9 0.0819569
137 0.0804904
137.1 0.0790628
137.2 0.0776727
137.3 0.0763189
137.4 0.075
137.5 0.073715
137.6 0.0724626
137.7 0.0712418
137.8 0.0700515
137.9 0.0688907
138 0.0677585
138.1 0.0666538
138.2 0.0655759
138.3 0.0645239
138.4 0.063497
138.5 0.0624943
138.6 0.0615151
138.7 0.0605587
138.8 0.0596244
138.9 0.0587114
139 0.0578193
139.1 0.0569473
139.2 0.0560948
139.3 0.0552613
139.4 0.0544462
139.5 0.053649
139.6 0.0528691
139.7 0.0521061
139.8 0.0513594
139.9 0.0506286
140 0.0499133
140.1 0.049213
140.2 0.0485274
140.3 0.0478559
140.4 0.0471983
140.5 0.0465541
140.6 0.0459229
140.7 0.0453045
140.8 0.0446985
140.9 0.0441046
141 0.0435223
141.1 0.0429516
141.2 0.0423919
141.3 0.0418431
141.4 0.0413049
141.5 0.040777
141.6 0.0402591
141.7 0.039751
141.8 0.0392525
141.9 0.0387633
142 0.0382831
142.1 0.0378118
142.2 0.0373491
142.3 0.0368949
142.4 0.0364489
142.5 0.0360109
142.6 0.0355808
142.7 0.0351583
142.8 0.0347432
142.9 0.0343355
143 0.0339349
143.1 0.0335413
143.2 0.0331544
143.3 0.0327743
143.4 0.0324006
143.5 0.0320332
143.6 0.0316721
143.7 0.031317
143.8 0.0309678
143.9 0.0306245
144 0.0302868
144.1 0.0299547
144.2 0.029628
144.3 0.0293066
144.4 0.0289904
144.5 0.0286793
144.6 0.0283732
144.7 0.0280719
144.8 0.0277754
144.9 0.0274836
145 0.0271963
145.1 0.0269136
145.2 0.0266352
145.3 0.0263611
145.4 0.0260912
145.5 0.0258254
145.6 0.0255636
145.7 0.0253058
145.8 0.0250519
145.9 0.0248018
146 0.0245554
146.1 0.0243127
146.2 0.0240735
146.3 0.0238379
146.4 0.0236057
146.5 0.0233769
146.6 0.0231513
146.7 0.022929
146.8 0.0227099
146.9 0.022494
147 0.0222811
147.1 0.0220711
147.2 0.0218642
147.3 0.0216601
147.4 0.0214589
147.5 0.0212605
147.6 0.0210648
147.7 0.0208718
147.8 0.0206814
147.9 0.0204936
148 0.0203084
148.1 0.0201257
148.2 0.0199454
148.3 0.0197675
148.4 0.019592
148.5 0.0194188
148.6 0.0192479
148.7 0.0190793
148.8 0.0189128
148.9 0.0187486
149 0.0185864
149.1 0.0184264
149.2 0.0182684
149.3 0.0181124
149.4 0.0179584
149.5 0.0178064
149.6 0.0176563
149.7 0.017508
149.8 0.0173617
149.9 0.0172171
150 0.0170744
150.1 0.0169334
150.2 0.0167942
150.3 0.0166566
150.4 0.0165208
150.5 0.0163866
150.6 0.016254
150.7 0.0161231
150.8 0.0159937
150.9 0.0158658
151 0.0157395
151.1 0.0156147
151.2 0.0154914
151.3 0.0153695
151.4 0.0152491
151.5 0.01513
151.6 0.0150124
151.7 0.0148961
151.8 0.0147812
151.9 0.0146675
152 0.0145552
152.1 0.0144442
152.2 0.0143344
152.3 0.0142259
152.4 0.0141186
152.5 0.0140126
152.6 0.0139077
152.7 0.013804
152.8 0.0137014
152.9 0.0136
153 0.0134997
153.1 0.0134005
153.2 0.0133024
153.3 0.0132053
153.4 0.0131094
153.5 0.0130144
153.6 0.0129205
153.7 0.0128276
153.8 0.0127357
153.9 0.0126448
154 0.0125549
154.1 0.0124659
154.2 0.0123778
154.3 0.0122907
154.4 0.0122045
154.5 0.0121192
154.6 0.0120348
154.7 0.0119513
154.8 0.0118686
154.9 0.0117868
155 0.0117058
155.1 0.0116257
155.2 0.0115464
155.3 0.0114679
155.4 0.0113902
155.5 0.0113132
155.6 0.0112371
155.7 0.0111617
155.8 0.0110871
155.9 0.0110132
156 0.0109401
156.1 0.0108677
156.2 0.010796
156.3 0.010725
156.4 0.0106547
156.5 0.0105851
156.6 0.0105161
156.7 0.0104479
156.8 0.0103803
156.9 0.0103133
157 0.010247
157.1 0.0101814
157.2 0.0101164
157.3 0.0100519
157.4 0.00998815
157.5 0.00992495
157.6 0.00986236
157.7 0.00980036
157.8 0.00973894
157.9 0.00967809
158 0.00961781
158.1 0.0095581
158.2 0.00949894
158.3 0.00944032
158.4 0.00938225
158.5 0.00932471
158.6 0.0092677
158.7 0.0092112
158.8 0.00915523
158.9 0.00909976
159 0.0090448
159.1 0.00899033
159.2 0.00893635
159.3 0.00888285
159.4 0.00882984
159.5 0.0087773
159.6 0.00872522
159.7 0.00867361
159.8 0.00862245
159.9 0.00857175
160 0.00852149
